2.083922 
2.074567 
2.203851 
2.099948 
1.887447 
1.879180 
1.985741 
2.032850 
2.049596 
1.838333 
2.112354 
2.065250 
1.879806 
2.111774 
2.096842 
1.835123 
1.972165 
2.104110 
2.102629 
1.715303 
1.969486 
1.911534 
1.937433 
2.011024 
1.916613 
2.231443 
1.972546 
1.971466 
1.868509 
2.053744 
1.944054 
1.959755 
2.125541 
2.052605 
1.728624 
2.041449 
1.910711 
1.838734 
1.882199 
1.931664 
1.823292 
1.928470 
2.179797 
2.133725 
1.829037 
2.020029 
1.939711 
2.144679 
1.929438 
1.926208 
2.032345 
2.070622 
2.012373 
2.033504 
1.979148 
1.985272 
1.992885 
2.139380 
1.980751 
1.964953 
2.055729 
1.936888 
1.994203 
1.875425 
2.006673 
2.139275 
2.043154 
2.003024 
1.870295 
1.961190 
1.862856 
1.936295 
2.038804 
2.205390 
2.211884 
1.850651 
2.206198 
2.125250 
1.900252 
2.090865 
1.905020 
1.802840 
1.992615 
1.942477 
2.009810 
2.030707 
1.952700 
1.858374 
2.010022 
1.863441 
1.935590 
2.108409 
1.968896 
2.068491 
1.950194 
2.150564 
1.995156 
1.980279 
2.058032 
2.187919 
2.055133 
1.669947 
1.960754 
2.042671 
2.074651 
1.823349 
2.127133 
1.994769 
2.063294 
2.105455 
1.968727 
1.949354 
1.821998 
2.071653 
2.190640 
2.298948 
2.268695 
2.057715 
1.939073 
2.005385 
1.914089 
1.858557 
1.919843 
1.978469 
2.115786 
2.091593 
1.957532 
1.882758 
1.849001 
2.029076 
2.148006 
2.107097 
2.027265 
1.923409 
1.911450 
2.086623 
2.155661 
1.988876 
2.000665 
2.002804 
2.044000 
2.075029 
1.841784 
2.099779 
2.033659 
2.272526 
2.051761 
1.962737 
2.042724 
2.075231 
2.079958 
1.980868 
2.112252 
1.927455 
1.987633 
1.927323 
2.021258 
2.007872 
1.912366 
2.002333 
1.953251 
2.257887 
1.978218 
1.913107 
1.932375 
2.165992 
1.951536 
1.911866 
2.005676 
1.891240 
2.045057 
2.170081 
1.865890 
2.120179 
2.040677 
1.847722 
1.980776 
1.956667 
2.022763 
2.095973 
1.999810 
1.840119 
1.731382 
1.896259 
2.089749 
2.064443 
2.061859 
2.037509 
2.032861 
2.040420 
2.067372 
1.990407 
1.766706 
1.926985 
1.978044 
2.061437 
2.049669 
1.973811 
1.998499 
2.013931 
2.042509 
1.918461 
1.959172 
1.882525 
1.973696 
1.973054 
1.955108 
1.886702 
1.829642 
1.770059 
1.947435 
1.984495 
2.025749 
1.980705 
2.039734 
2.040451 
2.037034 
2.022484 
2.019093 
1.936244 
1.849257 
2.065642 
2.140824 
1.966420 
1.954784 
2.021770 
1.826259 
2.178197 
2.184193 
2.064059 
2.012292 
2.004733 
1.892149 
1.868179 
1.959379 
2.112390 
1.890924 
1.847773 
2.018463 
1.971522 
2.034222 
2.058120 
1.951361 
2.100649 
1.937323 
1.888523 
1.909621 
2.020156 
1.980819 
2.037116 
1.908485 
1.950452 
2.211916 
1.907581 
2.055429 
1.937905 
2.082604 
1.866418 
2.144871 
1.937557 
1.913530 
2.006149 
1.955553 
2.059149 
1.930467 
2.002934 
2.186088 
2.093560 
1.971643 
1.926316 
2.116906 
2.021294 
1.932408 
1.983438 
2.089506 
1.851561 
2.023855 
1.745118 
1.919308 
1.953496 
2.195368 
2.108263 
1.964493 
2.006608 
1.875945 
1.969750 
2.110518 
1.891878 
1.902422 
2.078903 
1.888786 
2.057090 
1.689077 
1.927005 
2.158216 
1.997354 
2.057891 
2.033910 
1.924877 
1.938631 
1.812937 
2.033524 
1.935705 
2.152645 
2.239203 
1.858051 
2.002955 
1.967499 
1.966853 
1.983981 
2.085074 
2.022327 
2.054985 
2.050938 
2.071372 
2.023344 
1.871618 
2.023545 
1.831957 
2.050928 
2.086249 
1.841167 
2.007205 
2.026391 
1.843858 
2.033893 
1.837557 
1.884528 
1.995481 
2.118350 
1.970293 
2.031086 
2.145422 
1.956135 
1.791056 
2.039544 
1.971670 
2.005173 
2.069077 
1.919760 
1.772898 
1.923103 
2.075263 
2.099079 
2.054459 
2.005294 
2.112742 
1.842712 
1.959594 
1.910235 
2.096254 
2.020201 
1.995160 
1.927956 
2.063721 
2.021754 
1.987166 
2.039712 
2.028763 
2.109925 
2.009443 
2.004836 
2.105202 
1.943684 
2.079862 
2.150791 
2.053126 
2.091155 
1.881073 
1.915052 
2.029355 
2.059267 
1.915487 
2.015068 
1.957647 
2.072138 
2.038095 
2.048411 
1.917953 
2.165063 
1.928283 
1.869239 
2.091604 
2.041871 
2.098899 
2.122964 
1.937923 
2.029942 
2.087740 
2.094713 
2.189171 
2.006643 
2.049471 
2.034665 
2.145367 
1.931535 
1.990677 
2.097714 
1.978636 
1.851983 
1.955303 
1.919790 
1.967928 
1.957761 
2.017011 
2.038099 
2.008064 
2.047834 
1.821162 
1.838126 
2.117338 
1.843866 
2.012452 
1.987767 
1.829041 
1.980577 
2.060171 
2.063617 
2.206795 
1.972291 
1.975719 
1.893073 
2.134840 
2.160071 
2.034103 
1.911678 
2.071814 
1.965922 
2.123994 
1.910284 
1.931620 
1.977348 
2.002498 
2.008864 
1.946921 
2.113611 
2.031658 
1.877920 
1.948847 
1.898170 
1.931722 
1.962637 
2.029902 
2.015760 
2.075767 
1.953620 
1.849667 
2.209164 
2.117217 
2.013890 
1.717403 
2.055392 
1.976878 
1.943893 
2.000970 
2.025875 
1.824812 
1.946255 
1.907127 
2.104466 
1.972758 
2.135855 
1.990306 
2.152981 
2.094715 
1.992005 
2.021408 
1.811656 
2.098022 
1.802803 
2.002704 
1.835045 
2.099221 
2.063352 
1.840051 
2.017320 
2.108487 
1.945089 
2.075682 
2.054842 
2.090323 
2.012985 
2.062855 
1.921828 
1.980682 
2.009370 
1.912272 
2.063931 
1.912268 
1.990490 
1.941364 
1.942986 
2.022761 
2.175101 
1.900829 
2.112923 
2.099422 
1.982773 
1.979844 
2.149391 
